0.10966033256598626 1026.8908180560718 6.63124544409998 0 0.02072684062389668
0.8446347878357048 1041.249097861103 8.111865033148199 0 0.9773073277299147
0.13325188906735222 1059.4971942161128 8.900118825746347 0 0.001334115710020456
0.6436401204706349 1069.8662053291669 7.519524535767838 0 0.8935697681983685
0.11377402665802566 1081.806849812475 6.306031762131741 0 0.008637357356246766
0.35381055617324847 1095.4697469108642 14.561212712263043 0 0.9982639658803218
0.794983625404574 1102.3251943949767 5.17419489190654 0 0.876157460569897
0.09086476778940618 1125.8436566972305 4.220170238033799 0 0.6240920935655775
0.25962904500626327 1130.9292933104718 10.142057027862275 0 0.49504981689846456
0.05183317189483597 1145.5776977797664 5.925687322310159 0 0.9954637337450403
0.2053848463074569 1155.1859853295587 7.088475409678955 0 0.7748855476437417
0.010998408348970925 1171.8069711648789 3.1707213494956212 0 0.8879672885071469
0.04959316986548689 1198.152430676456 6.590017607460604 0 0.950946773723259
0.05555597846806687 1205.114750590345 5.182641757182192 0 0.9692451503937396
0.0004227453986086927 1216.597883003649 19.978101468527534 0 0.8986767555750756
0.004002894169647376 1224.8229646619952 2.4058250929645952 0 0.006362460624686983
0.05439860238936998 1232.9842381495068 18.033934766944117 0 0.4840917781867865
0.34432671628605754 1261.4146097891353 7.1003814439142685 0 0.912426908447243
0.4103174319770003 1287.066024521021 6.385402216624607 0 0.9535517639554698
0.1729401074331047 1295.2535378678335 6.280585693510056 0 0.9615550938973046
0.12406871510517167 1307.946075716557 5.432880832121232 0 0.4746104511965416
0.08388173836807457 1321.9991659702018 19.99493402222344 0 0.43958693141061533
0.3075552365286399 1335.4957033188846 8.2837757851199 0 0.7651513831068637
0.08525842169804082 1351.9925557269098 6.847901798108856 0 0.0006054616956696068
0.12162661324699073 1363.9344548426398 8.489525788282236 0 0.9895308343714107
0.13691547568498613 1376.133550962683 7.8366517874580195 0 0.9971656049134008
0.21340859588177183 1389.0357667944209 6.781366712419451 0 0.9987585806406875
0.08259622828489002 1395.9194120757227 6.003974431841721 0 0.6294236679973613
0.5197086571996353 1416.243782101898 10.985724832199121 0 0.9880890470491104
0.15717121248639243 1427.4299432526784 5.328289267869845 0 0.9960575674110985
0.5646813415996188 1434.7163407900468 6.726041930657051 0 0.8276565929468227
0.031217013909601722 1452.6165640709703 8.092929344719552 0 0.5312915185513607
0.22210094910672534 1482.0788236494877 9.47720976082444 0 0.6427754117959337
0.42741285087011394 1497.0170972068447 19.949620916631893 0 0.17889558359705376
0.2686306517385308 1506.9959784232635 13.081318547025672 0 0.5129039638043453
0.3409645149770922 1697.9693347013465 4.779079662748639 0 0.9997453714083062
0.4741564646388853 1704.968780239362 13.400853350104967 0 0.47667865013505883
