0.04016726161374942 1008.508535601117 9.294824628294391 0 1.0
0.1581436402834503 1022.2044814335592 6.2568315492425235 0 0.9837591517481347
1.0116303067202423 1045.3939599439864 6.359986238685808 0 0.9456302207061265
0.015001305778873998 1069.3891880260924 7.2158367852986345 0 0.18261686457257026
0.14286476463456316 1085.5592021564285 6.294979491634686 0 0.9964902819497632
0.18352918747957228 1104.6988499289873 6.170988282492551 0 0.9795560002606306
0.4517543092080705 1139.1195220900781 6.603623368084241 0 0.9447563224541453
0.14753422623060888 1155.7766625883526 6.22414050592329 0 0.9261308871037852
0.01583371233983435 1182.9744382314307 7.425988459456298 0 0.5528896689628712
0.0547215953589706 1202.7491851385696 6.422713490386868 0 0.870950254705809
0.5042520198404207 1244.113194103463 6.813997573299975 0 0.976884327342619
0.6022058054737606 1256.2709603065794 6.087159780426564 0 0.9990794333455636
0.34040254386762137 1264.9333462044904 6.690986868911594 0 0.9705922679729849
0.02498116009199515 1290.4718847867823 4.771737834410937 0 0.018972856119272186
0.10162591804187558 1314.4561523105344 6.234322455905848 0 0.8393296183365959
0.3349570322998348 1339.5959054363552 6.932714602346009 0 0.6509164146662348
0.00031186181704858653 1349.000000105813 8.946924735390594 0 0.8088368259639265
0.08666323019113507 1353.2222061051598 14.072541712406212 0 0.9933912615218801
0.43027287108218126 1372.7688369721166 6.01281802834028 0 0.6254929170759647
0.1242707922096224 1387.306221039168 7.454062126197397 0 0.6772106191228859
0.09412777940785991 1404.5932133419658 7.042743825367425 0 0.8891285387764631
0.3651600740002432 1415.3018714329041 7.356856176282793 0 0.7111373697393616
0.8332797873640038 1425.9039940368375 6.704636515819679 0 0.9018825009310567
0.025809798813292432 1452.4288235145095 10.406932303206753 0 0.6013946535908451
0.30284045174720936 1482.2021874124998 7.970266760429971 0 0.8242124095987231
0.3817205147565693 1493.1096306429793 6.977684151269538 0 0.3159061104479868
0.5918136877705515 1499.7456313174234 9.727586499569595 0 0.4767725670761954
0.9073944525409967 1701.515771919779 6.1117418098965635 0 0.9886618864497699
