0.014462687413943522 1004.0382220280508 7.908322356464901 0 0.9999999999999991
0.2599767095871323 1028.3069575848037 7.930092433611686 0 0.9704416293932434
0.9858639502283162 1050.1086228003528 8.808945931222787 0 0.9999427598192416
0.4047182185237285 1067.8321439243855 7.418457962328452 0 0.1293234094331535
0.6241131612675553 1079.4264197978916 7.049153989335528 0 0.9269115058790277
0.6128457063137592 1116.0017692004403 14.896959962809603 0 0.5733848953743853
0.06511788510412879 1149.2152167610375 6.418651980981249 0 0.7434371722695874
0.036227202074507574 1159.018899461579 19.990856014338277 0 0.6121381777615521
0.0747498030051604 1173.2248485261077 7.280551684820825 0 0.0002718716145770905
0.03205166880824404 1190.9269127889818 17.217812720265204 0 0.452772652452998
0.01634680465546135 1197.474792328686 3.77079058376071 0 0.006502431467262759
0.1129070639551311 1236.4623078070667 14.597800347099154 0 0.23177586751233326
0.20023343758010836 1251.9782877211708 6.143531448371694 0 0.5341807880064623
0.20810429140037223 1260.265619246737 10.132194578449015 0 0.9957853602202045
0.32054735622950936 1278.9374090077877 10.230507030902457 0 0.9994841121818239
0.0071536827929258974 1294.8612603715806 3.3622151166452445 0 0.5165348549125486
0.032929693231772764 1302.2565885765455 19.374419290055027 0 0.9989854818060908
0.06218046723820641 1312.161630955542 6.244788212652346 0 0.0980711060975678
0.07869476984676407 1321.815750407052 6.563027451957426 0 0.26389898344240986
0.10387524017177223 1328.173567359218 6.654967263586609 0 0.9257583926488346
0.04459592232083804 1344.3520543311934 9.12506676027353 0 0.8957511333909147
0.06581096532110806 1366.299095261006 12.759344583667916 0 0.966356540764026
0.1630811393829858 1379.8353004130067 12.404764486458225 0 0.037156253225462565
0.3272472538650498 1401.259576893535 10.92750977204603 0 0.8606437215322014
0.27000446010991663 1412.81453912623 7.491209069112596 0 0.2919304269164722
0.7729303609027827 1428.5563170780536 10.298830460891239 0 0.8744036464756367
0.027641881800048788 1453.3459479063574 6.777382439677632 0 0.0011317008589796784
0.18418112102158088 1480.724315107776 7.079822331170289 0 0.8697003529769682
0.6576838362666806 1497.5882764444284 16.201387187632772 0 0.4717047527665057
0.30543013409004127 1512.6769128255728 6.251712745646374 0 0.7405891973571537
0.22552399084227848 1686.640254619312 5.956280343063418 0 0.6647015299843354
0.46047589510702064 1703.648333056365 8.600215825003136 0 0.9252679912263886
