0.06333804357814865 1008.6857876262579 6.454038886996616 0 0.9829399209386762
0.11000904254800305 1022.2122511646782 6.1924486334769 0 0.9574569317477128
0.1898411575287703 1043.64778777669 9.26583725633929 0 0.5798012457002469
0.010394088407332532 1069.3650079419392 6.263214428874498 0 0.06971997740741798
0.14033213338838776 1085.6087487606935 6.185892675933534 0 0.9816628961700564
0.1260656930961105 1104.7162059361663 6.107246653380186 0 0.9996105273022204
0.03166227285420725 1139.0698732991655 6.716507772960798 0 0.9888340313416968
0.21869781616765835 1155.7072175835845 6.226180827819085 0 0.960887015776646
0.0027139594948810465 1182.8409976665853 6.473897645639265 0 0.7813401129382744
0.1752048831531384 1202.7385198749696 6.331146151407965 0 0.9566723291264574
0.0844544398817869 1244.073895625348 6.544824293656703 0 0.9760195958928615
0.10222705288636488 1256.140405008506 6.386022468483597 0 0.8549308577727668
0.191837700414225 1264.9412694538507 6.469612287174838 0 0.8036670794494646
0.20392103494252867 1289.7901380472742 6.3576588915244026 0 0.9764716739793236
0.35739763590570667 1314.5385359376585 6.128814366523969 0 0.9828286074781035
0.0403286541671497 1338.8971015114075 5.465630330969117 0 0.7199866539872741
0.09531315092737828 1351.4324471152106 11.582861118619194 0 0.7714509112910664
0.06914560545142234 1372.8685863310081 6.380057591929193 0 0.8463512239464132
0.14906101099327201 1387.3254883918576 7.706361066701972 0 0.7843299520278015
0.10779900206269737 1404.5070701680877 6.9557894345109705 0 0.9676606562374561
0.1575520252645046 1414.631595436455 7.855907803906796 0 0.24343839950508062
0.06667085760555232 1425.71468906062 7.598233756561392 0 0.9364785037827837
0.782883536960238 1453.2287760232114 6.8256677063073825 0 0.8499873334001662
0.35941457573262414 1481.6303134683058 6.56300425285055 0 0.9645196029337315
0.6243086167363974 1500.6903744046226 8.364769458485226 0 0.798750880996431
1.0265258590718631 1701.5195015592128 6.107441361223816 0 0.9979414004862153
