0.13662554994474105 1026.8847972705612 7.611076313280644 0 0.46859763826782175
0.14469931702395994 1041.4456716495483 6.61429817016192 0 0.8431147648029882
0.02894145364960166 1058.03601842044 4.189083247239575 0 0.9845873708716681
0.14990182898953494 1070.0035321094208 10.134574566672793 0 0.016271425062499678
0.08355591450940203 1081.5477830838172 6.031418864245912 0 0.3359373081330296
0.02193755183800923 1096.3306540689273 19.19348472948206 0 0.9949614815800534
0.07215919603534587 1102.3301300432986 5.310332999420262 0 0.3658198411604675
0.05684099348124714 1130.5424900617045 9.11847561162987 0 0.9901655557035883
0.1363482099166945 1154.3761362194775 8.19908294472372 0 0.9126440719477957
0.18330136318561766 1196.8114276187557 6.845049927487526 0 0.8443718467110223
0.027996240681930604 1215.0234959258094 7.252669424339056 0 0.8751012926424968
0.13613130347287195 1231.8778258226262 7.1521805944637045 0 0.983781275887114
0.013549390851082888 1251.870869857698 1.0013944134757957 0 0.08370696776288422
0.12711336679138105 1255.383619179706 17.409269907840496 0 0.0617768075177797
0.2303107292161928 1286.9930084819637 6.488761795057721 0 0.7576332126605342
0.13073366410786877 1295.346057922328 5.976045399411663 0 0.8309943147268106
0.1051544263389468 1308.5103625296513 7.223196665647245 0 0.9980313079168328
0.11691639676427339 1318.1509366567323 6.762751518290416 0 0.009957734967183385
0.13578371658474575 1327.2908539255463 14.318551183822072 0 0.9154101541311781
0.025675667810260108 1352.7030781099058 6.142251324213367 0 0.6115293653120761
0.1573111731052854 1365.5466515285311 9.77452157498991 0 0.5393928852334109
0.21119500976220618 1375.8112374859604 7.976371980230941 0 0.28354227067916127
0.06476525848956124 1388.5290197102474 2.0763151902834185 0 0.8886625771924717
0.12572069288456542 1395.653757701973 9.107758350329119 0 0.4768475084700333
0.03931471269790596 1408.4896464699227 1.7083658714567014 0 0.017893814217834647
0.08203761736986112 1414.2034718303273 13.3143805822712 0 0.9603816720413545
0.10850184116472447 1435.0935370005893 7.168937867089452 0 0.9684529247234998
0.9078659602523911 1454.0324150471392 8.654890924051244 0 0.7056665172417895
0.6545265253150647 1486.7104658309418 14.780316292070044 0 0.2240087527212795
0.394083792568121 1501.375077810539 8.51614079028042 0 0.0003660456452534988
0.20440302983751354 1511.2294766431405 9.305423718658917 0 0.9236138647431794
0.7450657014408909 1698.1081446511255 5.311870757175116 0 0.9869194037036918
0.6111493497206377 1705.611724850457 13.642080929605935 0 0.40307646265193764
