0.12178369607986228 1027.7809536360926 9.66618880170527 0 0.8458396293774944
0.1649188795816893 1050.0770947081965 8.591544073230377 0 0.9926201926202329
0.12589337527780856 1068.7546115336504 9.687916374603768 0 0.2451554418070112
0.2560634916119372 1079.1472363955575 7.750510033978843 0 0.7405087720328704
0.12350758460733689 1113.509373552754 18.38139240260836 0 0.7298269101196968
0.12513037587046763 1148.8545132668714 10.523046326617457 0 0.7053769152865068
0.01647368365774085 1161.8200837908291 6.65775753460553 0 0.4317113926097569
0.03058463668635382 1173.2294003506113 9.668956006218792 0 0.11483490765116244
0.08447524519991062 1189.8409190604268 6.330528220334551 0 0.9999963297528467
0.07733699884938641 1197.1161686624396 5.9208562943811485 0 0.9027478458502941
0.11324017901199575 1238.6275203905102 16.79166739655664 0 0.5248775159113528
0.08123594877490077 1251.5268836884964 4.438746017195843 0 0.01842511069816455
0.12583489057628625 1259.4212784838055 14.104279466106313 0 0.014014574538402824
0.018363739475969906 1268.9552061652255 3.8330351746160263 0 0.8322299127492514
0.18930577231462284 1274.6280765401234 5.885838401831239 0 0.8127703416656215
0.1157147232092496 1280.2008370676663 3.4959851796917514 0 0.8095332370640798
0.08226824295322338 1289.157513731164 19.903848697291572 0 0.595983112545394
0.3394204816631958 1311.193881664178 8.17790650367142 0 0.7965002826678859
0.17463642852025757 1328.1088387098373 8.066575432072888 0 0.8023615474012218
0.16007515775118628 1343.8816966784557 9.211606862421021 0 0.5337219724142009
0.14271590093430445 1361.1733491898951 7.626002883970801 0 0.995255668087438
0.43058795301192193 1379.5541655420188 12.681798262589194 0 0.187139563777933
0.11918182903533248 1395.2978668149906 3.3548245832331216 0 0.07585670716465603
0.1257573018471284 1402.3750461744564 10.10133939020882 0 0.35396717669595257
0.15574921582552817 1412.1817405387087 8.317722134123553 0 0.30723445422825835
0.14419167847497275 1428.106413567851 11.406904189524226 0 0.9983037098995216
0.9179228489422598 1454.642886242978 9.76571652848672 0 0.465987972468934
0.38101485223704834 1480.461569124683 6.355054100131474 0 0.8610376859078388
0.30061605219777815 1489.896740082021 12.002222617285565 0 0.9778067370455398
0.8891681353596053 1500.675763321382 9.4959775765143 0 0.46804058931649467
0.37691238473971805 1512.2068734260383 7.329567384346927 0 0.7888599745186629
0.6384047454408112 1686.668692739404 5.957099201304356 0 0.8115500375037101
0.8800568750938742 1703.62717309797 8.606519201593692 0 0.9059253994836423
